 258.130    3.530
 259.130    3.544
 260.130    3.559
 261.130    3.573
 262.130    3.587
 263.130    3.602
 264.130    3.616
 265.130    3.630
 266.130    3.645
 267.130    3.659
 268.130    3.673
 269.130    3.688
 270.130    3.702
 271.130    3.716
 272.130    3.731
 273.130    3.745
 274.130    3.759
 275.130    3.774
 276.130    3.788
 277.130    3.802
 278.130    3.817
 279.130    3.831
 280.130    3.845
 281.130    3.860
 282.130    3.874
 283.130    3.888
 284.130    3.903
 285.130    3.917
 286.130    3.931
 287.130    3.945
 288.130    3.960
 289.130    3.974
 290.130    3.988
 291.130    4.003
 292.130    4.017
 293.130    4.031
 294.130    4.046
 295.130    4.060
 296.130    4.074
 297.130    4.089
 298.130    4.103
 299.130    4.117
 300.130    4.132
 301.130    4.146
 302.130    4.160
 303.130    4.175
 304.130    4.189
 305.130    4.203
 306.130    4.218
 307.130    4.232
 308.130    4.246
 309.130    4.261
 310.130    4.275
 311.130    4.289
 312.130    4.304
 313.130    4.318
 314.130    4.332
 315.130    4.347
 316.130    4.361
 317.130    4.375
 318.130    4.390
 319.130    4.404
 320.130    4.418
 321.130    4.433
 322.130    4.447
 323.130    4.461
 324.130    4.476
 325.130    4.490
 326.130    4.504
 327.130    4.519
 328.130    4.533
 329.130    4.547
 330.130    4.562
 331.130    4.576
 332.130    4.590
 333.130    4.605
 334.130    4.619
 335.130    4.633
 336.130    4.648
 337.130    4.662
 338.130    4.676
 339.130    4.691
 340.130    4.705
 341.130    4.719
 342.130    4.734
 343.130    4.748
 344.130    4.762
 345.130    4.776
 346.130    4.791
 347.130    4.805
 348.130    4.819
 349.130    4.834
 350.130    4.848
 351.130    4.862
 352.130    4.877
 353.130    4.891
 354.130    4.905
 355.130    4.920
 356.130    4.934
 357.130    4.948
 358.130    4.963
 359.130    4.977
 360.130    4.991
 361.130    5.006
 362.130    5.020
 363.130    5.034
 364.130    5.049
 365.130    5.063
 366.130    5.077
 367.130    5.092
 368.130    5.106
 369.130    5.120
 370.130    5.135
 371.130    5.149
 372.130    5.163
 373.130    5.178
 374.130    5.192
 375.130    5.206
 376.130    5.221
 377.130    5.235
 378.130    5.249
 379.130    5.264
 380.130    5.278
 381.130    5.292
 382.130    5.307
 383.130    5.321
 384.130    5.335
 385.130    5.350
 386.130    5.364
 387.130    5.378
 388.130    5.393
 389.130    5.407
 390.130    5.421
 391.130    5.436
 392.130    5.450
 393.130    5.464
 394.130    5.479
 395.130    5.493
 396.130    5.507
 397.130    5.522
 398.130    5.536
 399.130    5.550
 400.130    5.564
 401.130    5.579
 402.130    5.593
 403.130    5.607
 404.130    5.622
 405.130    5.636
 406.130    5.650
 407.130    5.665
 408.130    5.679
 409.130    5.693
 410.130    5.708
 411.130    5.722
 412.130    5.736
 413.130    5.751
 414.130    5.765
 415.130    5.779
 416.130    5.794
 417.130    5.808
 418.130    5.822
 419.130    5.837
 420.130    5.851
 421.130    5.865
 422.130    5.880
 423.130    5.894
 424.130    5.908
 425.130    5.923
 426.130    5.937
 427.130    5.951
 428.130    5.966
 429.130    5.980
 430.130    5.994
 431.130    6.009
 432.130    6.023
 433.130    6.037
 434.130    6.052
 435.130    6.066
 436.130    6.080
 437.130    6.095
 438.130    6.109
 439.130    6.123
 440.130    6.138
 441.130    6.152
 442.130    6.166
 443.130    6.181
 444.130    6.195
 445.130    6.209
 446.130    6.224
 447.130    6.238
 448.130    6.252
 449.130    6.267
 450.130    6.281
 451.130    6.295
 452.130    6.310
 453.130    6.324
 454.130    6.338
 455.130    6.352
 456.130    6.367
 457.130    6.381
 458.130    6.395
 459.130    6.410
 460.130    6.424
 461.130    6.438
 462.130    6.453
 463.130    6.467
 464.130    6.481
 465.130    6.496
 466.130    6.510
 467.130    6.524
 468.130    6.539
 469.130    6.553
 470.130    6.567
 471.130    6.582
 472.130    6.596
 473.130    6.610
 474.130    6.625
 475.130    6.639
 476.130    6.653
 477.130    6.668
 478.130    6.682
 479.130    6.696
 480.130    6.711
 481.130    6.725
 482.130    6.739
 483.130    6.754
 484.130    6.768
 485.130    6.782
 486.130    6.797
 487.130    6.811
 488.130    6.825
 489.130    6.840
 490.130    6.854
 491.130    6.868
 492.130    6.883
 493.130    6.897
 494.130    6.911
 495.130    6.926
 496.130    6.940
 497.130    6.954
 498.130    6.969
 499.130    6.983
 500.130    6.997
 501.130    7.012
 502.130    7.026
 503.130    7.040
 504.130    7.055
 505.130    7.069
 506.130    7.083
 507.130    7.098
 508.130    7.112
 509.130    7.126
 510.130    7.141
 511.130    7.155
 512.130    7.169
 513.130    7.183
 514.130    7.198
 515.130    7.212
 516.130    7.226
 517.130    7.241
 518.130    7.255
 519.130    7.269
 520.130    7.284
 521.130    7.298
 522.130    7.312
 523.130    7.327
 524.130    7.341
 525.130    7.355
 526.130    7.370
 527.130    7.384
 528.130    7.398
 529.130    7.413
 530.130    7.427
 531.130    7.441
 532.130    7.456
 533.130    7.470
 534.130    7.484
 535.130    7.499
 536.130    7.513
 537.130    7.527
 538.130    7.542
 539.130    7.556
 540.130    7.570
 541.130    7.585
 542.130    7.599
 543.130    7.613
 544.130    7.628
 545.130    7.642
 546.130    7.656
 547.130    7.671
 548.130    7.685
 549.130    7.699
 550.130    7.714
 551.130    7.728
 552.130    7.742
 553.130    7.757
 554.130    7.771
 555.130    7.785
 556.130    7.800
 557.130    7.814
 558.130    7.828
 559.130    7.843
 560.130    7.857
 561.130    7.871
 562.130    7.886
 563.130    7.900
 564.130    7.914
 565.130    7.929
 566.130    7.943
 567.130    7.957
 568.130    7.971
 569.130    7.986
 570.130    8.000
 571.130    8.014
 572.130    8.029
 573.130    8.043
 574.130    8.057
 575.130    8.072
 576.130    8.086
 577.130    8.100
 578.130    8.115
 579.130    8.129
 580.130    8.143
 581.130    8.158
 582.130    8.172
 583.130    8.186
 584.130    8.201
 585.130    8.215
 586.130    8.229
 587.130    8.244
 588.130    8.258
 589.130    8.272
 590.130    8.287
 591.130    8.301
 592.130    8.315
 593.130    8.330
 594.130    8.344
 595.130    8.358
 596.130    8.373
 597.130    8.387
 598.130    8.401
 599.130    8.416
 600.130    8.430
 601.130    8.444
 602.130    8.459
 603.130    8.473
 604.130    8.487
 605.130    8.502
 606.130    8.516
 607.130    8.530
 608.130    8.545
 609.130    8.559
 610.130    8.573
 611.130    8.588
 612.130    8.602
 613.130    8.616
 614.130    8.631
 615.130    8.645
 616.130    8.659
 617.130    8.674
 618.130    8.688
 619.130    8.702
 620.130    8.717
 621.130    8.731
 622.130    8.745
 623.130    8.760
 624.130    8.774
 625.130    8.788
 626.130    8.802
 627.130    8.817
 628.130    8.831
 629.130    8.845
 630.130    8.860
 631.130    8.874
 632.130    8.888
 633.130    8.903
 634.130    8.917
 635.130    8.931
 636.130    8.946
 637.130    8.960
 638.130    8.974
 639.130    8.989
 640.130    9.003
 641.130    9.017
 642.130    9.032
 643.130    9.046
 644.130    9.060
 645.130    9.075
 646.130    9.089
 647.130    9.103
 648.130    9.118
 649.130    9.132
 650.130    9.146
 651.130    9.161
 652.130    9.175
 653.130    9.189
 654.130    9.204
 655.130    9.218
 656.130    9.232
 657.130    9.247
 658.130    9.261
 659.130    9.275
 660.130    9.290
 661.130    9.304
 662.130    9.318
 663.130    9.333
 664.130    9.347
 665.130    9.361
 666.130    9.376
 667.130    9.390
 668.130    9.404
 669.130    9.419
 670.130    9.433
 671.130    9.447
 672.130    9.462
 673.130    9.476
 674.130    9.490
 675.130    9.505
 676.130    9.519
 677.130    9.533
 678.130    9.548
 679.130    9.562
 680.130    9.576
 681.130    9.590
 682.130    9.605
 683.130    9.619
 684.130    9.633
 685.130    9.648
 686.130    9.662
 687.130    9.676
 688.130    9.691
 689.130    9.705
 690.130    9.719
 691.130    9.734
 692.130    9.748
 693.130    9.762
 694.130    9.777
 695.130    9.791
 696.130    9.805
 697.130    9.820
 698.130    9.834
 699.130    9.848
 700.130    9.863
 701.130    9.877
 702.130    9.891
 703.130    9.906
 704.130    9.920
 705.130    9.934
 706.130    9.949
 707.130    9.963
 708.130    9.977
 709.130    9.992
 710.130   10.006
