 231.100    3.760
 232.100    3.775
 233.100    3.790
 234.100    3.805
 235.100    3.820
 236.100    3.835
 237.100    3.850
 238.100    3.864
 239.100    3.879
 240.100    3.894
 241.100    3.909
 242.100    3.924
 243.100    3.939
 244.100    3.954
 245.100    3.969
 246.100    3.984
 247.100    3.999
 248.100    4.014
 249.100    4.029
 250.100    4.044
 251.100    4.058
 252.100    4.073
 253.100    4.088
 254.100    4.103
 255.100    4.118
 256.100    4.133
 257.100    4.148
 258.100    4.163
 259.100    4.178
 260.100    4.193
 261.100    4.208
 262.100    4.223
 263.100    4.237
 264.100    4.252
 265.100    4.267
 266.100    4.282
 267.100    4.297
 268.100    4.312
 269.100    4.327
 270.100    4.342
 271.100    4.357
 272.100    4.372
 273.100    4.387
 274.100    4.402
 275.100    4.417
 276.100    4.431
 277.100    4.446
 278.100    4.461
 279.100    4.476
 280.100    4.491
 281.100    4.506
 282.100    4.521
 283.100    4.536
 284.100    4.551
 285.100    4.566
 286.100    4.581
 287.100    4.596
 288.100    4.611
 289.100    4.625
 290.100    4.640
 291.100    4.655
 292.100    4.670
 293.100    4.685
 294.100    4.700
 295.100    4.715
 296.100    4.730
 297.100    4.745
 298.100    4.760
 299.100    4.775
 300.100    4.790
 301.100    4.805
 302.100    4.819
 303.100    4.834
 304.100    4.849
 305.100    4.864
 306.100    4.879
 307.100    4.894
 308.100    4.909
 309.100    4.924
 310.100    4.939
 311.100    4.954
 312.100    4.969
 313.100    4.984
 314.100    4.998
 315.100    5.013
 316.100    5.028
 317.100    5.043
 318.100    5.058
 319.100    5.073
 320.100    5.088
 321.100    5.103
 322.100    5.118
 323.100    5.133
 324.100    5.148
 325.100    5.163
 326.100    5.178
 327.100    5.192
 328.100    5.207
 329.100    5.222
 330.100    5.237
 331.100    5.252
 332.100    5.267
 333.100    5.282
 334.100    5.297
 335.100    5.312
 336.100    5.327
 337.100    5.342
 338.100    5.357
 339.100    5.372
 340.100    5.386
 341.100    5.401
 342.100    5.416
 343.100    5.431
 344.100    5.446
 345.100    5.461
 346.100    5.476
 347.100    5.491
 348.100    5.506
 349.100    5.521
 350.100    5.536
 351.100    5.551
 352.100    5.566
 353.100    5.580
 354.100    5.595
 355.100    5.610
 356.100    5.625
 357.100    5.640
 358.100    5.655
 359.100    5.670
 360.100    5.685
 361.100    5.700
 362.100    5.715
 363.100    5.730
 364.100    5.745
 365.100    5.760
 366.100    5.774
 367.100    5.789
 368.100    5.804
 369.100    5.819
 370.100    5.834
 371.100    5.849
 372.100    5.864
 373.100    5.879
 374.100    5.894
 375.100    5.909
 376.100    5.924
 377.100    5.939
 378.100    5.953
 379.100    5.968
 380.100    5.983
 381.100    5.998
 382.100    6.013
 383.100    6.028
 384.100    6.043
 385.100    6.058
 386.100    6.073
 387.100    6.088
 388.100    6.103
 389.100    6.118
 390.100    6.133
 391.100    6.147
 392.100    6.162
 393.100    6.177
 394.100    6.192
 395.100    6.207
 396.100    6.222
 397.100    6.237
 398.100    6.252
 399.100    6.267
 400.100    6.282
 401.100    6.297
 402.100    6.312
 403.100    6.327
 404.100    6.341
 405.100    6.356
 406.100    6.371
 407.100    6.386
 408.100    6.401
 409.100    6.416
 410.100    6.431
 411.100    6.446
 412.100    6.461
 413.100    6.476
 414.100    6.491
 415.100    6.506
 416.100    6.521
 417.100    6.535
 418.100    6.550
 419.100    6.565
 420.100    6.580
 421.100    6.595
 422.100    6.610
 423.100    6.625
 424.100    6.640
 425.100    6.655
 426.100    6.670
 427.100    6.685
 428.100    6.700
 429.100    6.714
 430.100    6.729
 431.100    6.744
 432.100    6.759
 433.100    6.774
 434.100    6.789
 435.100    6.804
 436.100    6.819
 437.100    6.834
 438.100    6.849
 439.100    6.864
 440.100    6.879
 441.100    6.894
 442.100    6.908
 443.100    6.923
 444.100    6.938
 445.100    6.953
 446.100    6.968
 447.100    6.983
 448.100    6.998
 449.100    7.013
 450.100    7.028
 451.100    7.043
 452.100    7.058
 453.100    7.073
 454.100    7.088
 455.100    7.102
 456.100    7.117
 457.100    7.132
 458.100    7.147
 459.100    7.162
 460.100    7.177
 461.100    7.192
 462.100    7.207
 463.100    7.222
 464.100    7.237
 465.100    7.252
 466.100    7.267
 467.100    7.282
 468.100    7.296
 469.100    7.311
 470.100    7.326
 471.100    7.341
 472.100    7.356
 473.100    7.371
 474.100    7.386
 475.100    7.401
 476.100    7.416
 477.100    7.431
 478.100    7.446
 479.100    7.461
 480.100    7.475
 481.100    7.490
 482.100    7.505
 483.100    7.520
 484.100    7.535
 485.100    7.550
 486.100    7.565
 487.100    7.580
 488.100    7.595
 489.100    7.610
 490.100    7.625
 491.100    7.640
 492.100    7.655
 493.100    7.669
 494.100    7.684
 495.100    7.699
 496.100    7.714
 497.100    7.729
 498.100    7.744
 499.100    7.759
 500.100    7.774
 501.100    7.789
 502.100    7.804
 503.100    7.819
 504.100    7.834
 505.100    7.849
 506.100    7.863
 507.100    7.878
 508.100    7.893
 509.100    7.908
 510.100    7.923
 511.100    7.938
 512.100    7.953
 513.100    7.968
 514.100    7.983
 515.100    7.998
 516.100    8.013
 517.100    8.028
 518.100    8.043
 519.100    8.057
 520.100    8.072
 521.100    8.087
 522.100    8.102
 523.100    8.117
 524.100    8.132
 525.100    8.147
 526.100    8.162
 527.100    8.177
 528.100    8.192
 529.100    8.207
 530.100    8.222
 531.100    8.236
 532.100    8.251
 533.100    8.266
 534.100    8.281
 535.100    8.296
 536.100    8.311
 537.100    8.326
 538.100    8.341
 539.100    8.356
 540.100    8.371
 541.100    8.386
 542.100    8.401
 543.100    8.416
 544.100    8.430
 545.100    8.445
 546.100    8.460
 547.100    8.475
 548.100    8.490
 549.100    8.505
 550.100    8.520
 551.100    8.535
 552.100    8.550
 553.100    8.565
 554.100    8.580
 555.100    8.595
 556.100    8.610
 557.100    8.624
 558.100    8.639
 559.100    8.654
 560.100    8.669
 561.100    8.684
 562.100    8.699
 563.100    8.714
 564.100    8.729
 565.100    8.744
 566.100    8.759
 567.100    8.774
 568.100    8.789
 569.100    8.804
 570.100    8.818
 571.100    8.833
 572.100    8.848
 573.100    8.863
 574.100    8.878
 575.100    8.893
 576.100    8.908
 577.100    8.923
 578.100    8.938
 579.100    8.953
 580.100    8.968
 581.100    8.983
 582.100    8.998
 583.100    9.012
 584.100    9.027
 585.100    9.042
 586.100    9.057
 587.100    9.072
 588.100    9.087
 589.100    9.102
 590.100    9.117
 591.100    9.132
 592.100    9.147
 593.100    9.162
 594.100    9.177
 595.100    9.191
 596.100    9.206
 597.100    9.221
 598.100    9.236
 599.100    9.251
 600.100    9.266
 601.100    9.281
 602.100    9.296
 603.100    9.311
 604.100    9.326
 605.100    9.341
 606.100    9.356
 607.100    9.371
 608.100    9.385
 609.100    9.400
 610.100    9.415
 611.100    9.430
 612.100    9.445
 613.100    9.460
 614.100    9.475
 615.100    9.490
 616.100    9.505
 617.100    9.520
 618.100    9.535
 619.100    9.550
 620.100    9.565
 621.100    9.579
 622.100    9.594
 623.100    9.609
 624.100    9.624
 625.100    9.639
 626.100    9.654
 627.100    9.669
 628.100    9.684
 629.100    9.699
 630.100    9.714
 631.100    9.729
 632.100    9.744
 633.100    9.759
